<?xml version="1.0"?>
<opencv_storage>
<groups type_id="opencv-matrix">
  <rows>2603</rows>
  <cols>1</cols>
  <dt>i</dt>
  <data>
    74 77 70 74 73 71 74 74 78 76 80 73 72 69 69 72 67 68 67 69 68 67 71
    75 69 72 68 70 72 66 73 69 72 72 69 72 72 76 69 70 73 72 77 69 70 75
    69 73 71 75 72 80 74 76 68 70 72 76 65 66 76 73 75 74 77 72 71 76 78
    70 71 71 71 72 78 80 82 86 67 68 71 75 78 82 71 75 70 69 67 68 70 68
    70 70 66 68 68 67 68 69 67 69 71 73 75 76 79 67 69 73 77 75 79 68 69
    66 73 76 69 74 78 67 70 71 74 73 76 70 73 71 69 74 78 68 69 69 71 70
    69 71 75 78 78 81 70 69 68 71 75 78 72 74 73 76 70 74 78 75 78 68 66
    73 77 72 70 74 69 73 69 73 70 70 71 77 78 65 67 68 65 67 68 67 68 66
    67 68 70 72 80 70 77 67 68 69 66 67 68 69 71 66 68 68 70 71 65 74 75
    71 75 76 79 76 79 73 72 71 69 72 68 69 66 77 72 73 76 72 68 70 70 72
    76 70 69 67 71 67 70 67 68 70 68 71 66 81 69 82 85 74 76 72 68 72 71
    68 70 75 73 76 65 69 72 71 73 70 68 68 69 70 74 77 72 77 83 71 66 69
    70 72 71 72 69 71 68 70 73 77 67 69 68 68 78 81 68 73 76 75 78 68 69
    72 68 65 70 73 71 67 65 67 70 68 73 65 67 69 78 84 66 72 73 75 67 69
    69 73 67 68 68 65 68 73 76 73 76 70 74 74 77 71 68 69 72 75 70 71 70
    82 67 67 68 66 69 73 78 80 78 77 84 74 69 69 69 70 78 80 75 73 74 70
    71 68 70 71 71 68 66 66 68 76 69 68 75 76 81 65 71 76 68 69 72 73 67
    68 68 73 69 74 73 73 68 71 75 70 69 69 68 70 69 71 70 72 68 70 67 66
    72 76 78 73 75 71 75 68 71 69 70 74 73 69 73 74 75 69 71 73 69 71 73
    70 70 69 71 75 71 74 70 68 71 73 76 71 76 74 77 67 69 67 70 68 77 69
    71 71 75 69 67 69 69 71 73 77 72 68 69 71 72 74 70 72 68 72 71 67 67
    81 69 69 70 69 71 69 72 70 68 69 73 71 74 67 68 69 69 71 67 67 67 70
    70 75 79 76 72 67 70 74 68 72 74 71 77 78 80 73 69 70 68 66 68 73 69
    74 72 73 70 71 72 70 73 74 74 68 70 65 66 68 72 75 71 71 71 74 69 71
    77 81 72 75 70 72 73 70 74 78 72 75 67 68 70 72 67 70 70 73 81 71 74
    67 74 72 76 79 72 71 72 73 69 70 71 72 77 71 66 70 71 78 80 71 73 72
    72 75 68 69 71 72 76 71 73 70 76 68 70 73 76 72 76 72 76 69 70 73 75
    73 77 73 76 70 72 75 80 65 67 70 65 66 67 68 70 77 70 73 66 69 73 66
    69 71 73 77 69 68 71 68 69 70 69 71 68 71 69 72 75 78 69 71 68 69 66
    68 66 68 70 74 79 68 71 69 73 70 74 67 69 69 72 76 76 69 72 74 76 70
    75 78 80 68 65 68 69 82 85 68 71 71 74 70 71 73 75 78 73 75 77 81 73
    75 75 78 72 73 74 68 72 73 74 69 70 72 73 76 73 75 70 71 72 71 72 75
    78 74 71 73 68 71 67 69 69 71 74 76 74 75 76 73 76 73 77 70 73 69 71
    74 76 69 74 78 75 77 67 71 72 71 74 70 71 74 69 73 68 76 72 74 67 66
    73 76 71 74 76 78 70 72 73 73 75 67 69 73 77 71 74 65 67 79 83 78 81
    77 80 74 77 70 71 72 78 68 70 72 74 70 72 68 69 70 66 68 69 70 69 69
    71 77 66 70 72 67 70 71 73 73 72 75 79 71 65 72 70 68 69 71 67 73 68
    69 72 70 71 76 79 71 73 77 70 75 70 69 70 73 65 68 69 70 67 70 68 71
    69 73 72 76 74 73 74 76 67 68 70 71 75 67 68 69 74 76 77 73 76 69 72
    70 71 67 66 68 79 81 67 69 65 70 68 71 74 76 66 70 68 72 69 77 80 71
    67 68 69 76 70 74 79 78 75 78 74 74 76 70 72 78 70 76 82 86 71 75 76
    70 67 69 70 67 68 72 74 70 73 78 69 68 66 68 65 66 68 68 67 68 72 78
    81 65 66 68 69 66 69 70 72 71 68 71 73 75 69 67 74 69 70 67 70 71 69
    67 72 75 68 72 67 69 70 73 76 77 67 69 70 71 68 70 71 69 73 69 70 72
    73 69 71 76 78 82 83 67 71 71 71 74 71 66 68 68 69 71 72 69 71 76 72
    75 67 69 70 71 73 75 73 74 69 67 71 74 69 72 74 73 71 75 72 69 73 71
    73 71 80 72 75 74 76 70 71 69 70 71 74 72 74 77 74 73 66 71 74 71 76
    74 73 76 68 70 73 76 66 69 68 71 73 74 75 71 66 71 74 72 75 73 76 68
    70 69 68 69 70 77 72 75 68 67 67 72 68 71 72 68 74 81 70 72 68 68 69
    70 74 72 73 75 78 70 75 70 69 70 67 66 72 66 74 77 68 71 70 72 70 73
    71 70 68 77 84 79 84 90 70 72 71 73 70 71 70 73 69 72 76 78 71 73 68
    70 70 75 68 70 66 68 70 68 71 70 68 69 72 74 68 68 67 68 68 69 69 69
    68 69 72 72 74 67 68 70 70 71 73 66 69 68 70 73 66 76 74 70 69 70 76
    78 83 74 73 77 70 69 71 69 73 71 71 67 66 68 69 70 73 69 70 71 66 69
    68 71 68 69 67 68 69 69 67 72 67 68 70 74 75 69 72 68 71 66 70 75 78
    85 75 79 71 73 74 77 71 69 70 72 71 74 72 73 66 67 68 75 77 72 74 73
    76 74 77 70 71 74 67 68 70 71 67 70 72 66 67 69 71 73 74 75 66 70 70
    71 67 69 79 80 68 69 71 69 66 72 69 68 69 71 74 71 70 67 71 67 70 68
    67 69 71 71 71 74 71 73 73 72 77 71 71 74 71 73 70 72 72 76 66 67 82
    88 75 78 70 73 71 69 72 70 72 66 68 72 69 69 72 71 73 72 69 70 67 72
    74 78 72 76 70 74 70 75 69 75 76 69 70 74 77 79 72 75 69 71 70 71 75
    74 78 66 71 73 78 81 66 69 67 70 73 66 68 69 74 79 69 72 76 76 79 72
    70 73 70 73 73 73 72 69 69 74 77 72 67 73 67 72 69 74 71 73 69 71 66
    70 71 72 73 75 76 78 65 66 69 67 73 77 78 72 75 75 77 67 70 72 75 70
    71 70 71 72 69 72 74 70 73 70 72 73 75 80 70 71 74 71 75 72 73 70 73
    69 72 69 66 73 76 73 69 71 69 68 72 73 72 77 79 81 73 74 75 80 84 71
    72 67 68 69 70 68 69 71 71 73 75 76 72 74 67 69 68 69 69 67 68 66 70
    78 79 72 71 65 66 67 68 70 67 66 67 80 74 67 70 70 74 75 70 67 70 74
    78 67 75 78 76 74 79 73 75 71 71 67 69 73 69 67 68 69 72 68 69 75 71
    74 71 72 70 71 66 70 66 67 72 66 67 70 70 69 70 73 69 70 68 69 70 74
    69 72 74 79 66 75 70 66 69 68 71 75 74 76 73 68 68 67 68 68 71 67 69
    70 72 65 66 68 75 79 68 69 70 71 67 69 69 73 68 71 68 79 80 81 66 67
    69 71 66 71 68 67 70 71 74 68 76 66 67 73 67 70 74 69 80 86 65 66 68
    66 70 70 74 76 70 69 67 67 69 71 74 77 67 66 73 78 83 89 67 68 72 76
    76 80 70 69 69 68 74 76 72 68 70 72 66 67 71 70 73 71 72 66 65 66 70
    74 66 67 70 71 70 72 71 72 69 77 76 67 69 70 69 72 75 75 78 72 68 77
    72 74 69 70 71 74 74 78 68 72 73 74 74 77 69 71 69 70 72 75 73 81 75
    81 74 78 77 81 70 72 71 74 65 66 69 67 69 74 69 69 66 66 72 71 77 74
    81 68 70 77 74 76 66 74 78 66 68 77 69 78 83 70 72 74 74 77 67 70 72
    73 67 69 71 73 75 68 72 69 69 73 75 69 76 80 65 69 76 78 70 73 66 67
    69 73 66 67 74 69 71 74 77 78 70 74 75 77 71 75 69 72 74 67 70 69 70
    71 68 68 71 72 66 68 70 67 73 76 68 69 70 73 65 66 67 69 72 74 76 79
    69 69 69 80 69 72 70 72 74 77 78 81 75 76 77 68 71 75 68 69 70 73 67
    68 69 69 68 71 73 76 71 75 77 66 70 72 69 73 71 67 69 74 65 67 84 72
    71 72 74 72 73 76 68 67 69 72 74 75 70 72 76 77 72 73 74 73 74 78 72
    73 66 68 70 68 67 70 76 66 72 74 76 69 72 70 67 71 70 70 67 70 72 66
    67 69 69 70 70 74 71 69 72 71 74 71 71 69 74 78 67 69 70 70 71 69 73
    65 66 68 75 76 81 75 78 70 74 76 71 68 69 72 74 86 74 71 76 71 74 74
    71 72 73 72 73 75 67 71 67 68 67 68 71 69 72 72 75 69 67 68 76 77 80
    66 69 70 72 71 73 71 68 70 67 71 69 71 70 73 69 71 69 71 70 67 69 70
    75 80 67 71 66 67 70 70 71 72 75 79 68 70 67 68 69 71 74 69 73 76 73
    71 73 69 66 71 70 65 70 67 69 70 71 72 72 72 73 74 66 67 70 71 65 66
    67 70 74 68 68 74 76 75 68 70 72 78 70 68 66 67 71 66 72 73 86 88 68
    70 71 66 68 69 71 76 80 65 73 74 75 79 67 73 68 70 70 69 71 70 79 81
    71 74 72 73 74 66 70 74 73 76 79 67 68 70 65 66 72 76 78 80 82 66 70
    70 70 68 71 69 72 68 71 72 75 69 72 71 73 72 78 85 75 77 69 70 68 68
    71 71 72 66 73 75 76 72 73 75 74 77 65 66 69 73 70 69 69 71 73 70 74
    67 72 76 73 76 76 66 67 70 65 66 68 66 68 67 68 69 66 67 72 66 68 69
    78 65 66 67 69 65 66 68 77 81 82 73 70 71 74 75 72 84 75 80 82 65 66
    69 70 66 67 68 69 65 66 68 69 72 76 78 67 71 78 82 71 70 67 73 67 68
    67 68 69 71 70 72 76 71 71 73 72 76 66 67 68 69 70 65 69 71 74 77 81
    67 71 73 74 69 70 73 67 68 69 73 74 75 76 70 73 66 74 66 68 69 71 67
    74 79 76 79 80 67 69 70 72 68 69 70 71 66 67 69 71 67 68 72 76 77 79
    72 70 71 73 70 71 74 69 72 73 75 68 71 72 68 69 71 70 74 76 72 75 74
    72 69 71 72 70 71 72 67 70 66 69 72 66 68 71 65 66 69 70 76 74 77 71
    74 74 78 82 72 76 77 79 77 78 66 70 72 72 74 75 78 73 74 75 75 79 72
    76 65 66 70 66 68 72 80 85 65 66 67 70 71 72 75 68 72 74 75 76 72 73
