<?xml version="1.0"?>
<opencv_storage>
<groups type_id="opencv-matrix">
  <rows>36</rows>
  <cols>1</cols>
  <dt>i</dt>
  <data>
    55 53 52 49 49 57 56 54 51 50 90 89 88 87 86 85 84 83 82 81 80 79 78
    77 76 75 74 73 72 71 70 69 68 67 66 65</data></groups>
</opencv_storage>
