<?xml version="1.0"?>
<opencv_storage>
<images type_id="opencv-matrix">
  <rows>36</rows>
  <cols>600</cols>
  <dt>f</dt>
  <data>
    255. 255. 255. 255. 255. 255. 255. 255. 255. 255. 255. 255. 255.
    255. 255. 255. 255. 255. 255. 255. 255. 255. 255. 255. 255. 255.
    255. 255. 255. 255. 255. 255. 255. 255. 255. 255. 255. 255. 255.
    255. 255. 255. 255. 255. 255. 255. 255. 255. 255. 255. 255. 255.
    255. 255. 255. 255. 255. 255. 255. 255. 255. 255. 255. 255. 255.
    255. 255. 255. 255. 255. 255. 255. 255. 255. 255. 255. 255. 255.
    255. 255. 191. 191. 191. 191. 191. 191. 191. 191. 191. 191. 191.
    191. 191. 191. 191. 234. 255. 255. 255. 255. 0. 0. 0. 0. 0. 0. 0. 0.
    0. 0. 0. 0. 0. 0. 0. 172. 255. 255. 255. 255. 0. 0. 0. 0. 0. 0. 0.
    0. 0. 0. 0. 0. 0. 0. 0. 172. 255. 255. 255. 255. 0. 0. 0. 0. 0. 0.
    0. 0. 0. 0. 0. 0. 0. 0. 158. 234. 255. 255. 212. 64. 0. 0. 0. 0. 0.
    0. 0. 0. 0. 0. 0. 0. 0. 0. 210. 255. 255. 255. 198. 0. 0. 0. 0. 0.
    0. 0. 0. 0. 0. 0. 0. 0. 13. 104. 229. 255. 255. 215. 115. 0. 0. 0.
    0. 0. 0. 0. 0. 0. 0. 0. 0. 0. 32. 248. 255. 255. 255. 159. 0. 0. 0.
    0. 0. 0. 0. 0. 0. 0. 0. 0. 0. 6. 50. 249. 255. 255. 255. 159. 0. 0.
    0. 0. 0. 0. 0. 0. 0. 0. 0. 0. 0. 64. 236. 254. 255. 255. 255. 159.
    0. 0. 0. 0. 0. 0. 0. 0. 0. 0. 0. 0. 0. 70. 255. 255. 255. 255. 155.
    40. 0. 0. 0. 0. 0. 0. 0. 0. 0. 0. 0. 0. 63. 178. 255. 255. 255. 255.
    121. 0. 0. 0. 0. 0. 0. 0. 0. 0. 0. 0. 0. 0. 108. 255. 255. 255. 255.
    183. 71. 0. 0. 0. 0. 0. 0. 0. 0. 0. 0. 0. 0. 37. 145. 255. 255. 255.
    255. 83. 0. 0. 0. 0. 0. 0. 0. 0. 0. 0. 0. 0. 0. 146. 255. 255. 255.
    255. 255. 83. 0. 0. 0. 0. 0. 0. 0. 0. 0. 0. 0. 0. 0. 146. 255. 255.
    255. 255. 255. 83. 0. 0. 0. 0. 0. 0. 0. 0. 0. 0. 0. 0. 139. 228.
    255. 255. 255. 255. 97. 21. 0. 0. 0. 0. 0. 0. 0. 0. 0. 0. 0. 0. 185.
    255. 255. 255. 255. 255. 45. 0. 0. 0. 0. 0. 0. 0. 0. 0. 0. 0. 3. 93.
    214. 255. 255. 255. 242. 151. 26. 0. 0. 0. 0. 0. 0. 0. 0. 0. 0. 0.
    6. 223. 255. 255. 255. 255. 223. 6. 0. 0. 0. 0. 0. 0. 0. 0. 0. 0. 0.
    0. 6. 223. 255. 255. 255. 255. 223. 6. 0. 0. 0. 0. 0. 0. 0. 0. 0. 0.
    0. 0. 6. 223. 255. 255. 255. 255. 223. 6. 0. 0. 0. 0. 0. 0. 0. 0. 0.
    0. 0. 33. 193. 247. 255. 255. 255. 202. 56. 2. 0. 0. 0. 0. 0. 0. 0.
    0. 0. 0. 48. 167. 255. 255. 255. 255. 255. 185. 0. 0. 0. 0. 0. 0. 0.
    0. 0. 0. 0. 0. 83. 255. 255. 255. 255. 255. 210. 108. 0. 0. 0. 0. 0.
    0. 0. 0. 0. 0. 0. 0. 83. 255. 255. 255. 255. 255. 147. 0. 0. 0. 0.
    0. 0. 0. 0. 0. 0. 0. 0. 0. 83. 255. 255. 255. 255. 255. 146. 0. 0.
    0. 0. 0. 0. 0. 0. 0. 0. 197. 255. 255. 255. 255. 255. 255. 255. 255.
    255. 255. 255. 255. 255. 255. 255. 159. 0. 0. 0. 197. 255. 255. 255.
    255. 255. 255. 255. 255. 255. 255. 255. 255. 255. 255. 255. 231.
    148. 0. 0. 198. 255. 255. 255. 255. 255. 255. 255. 255. 255. 255.
    255. 255. 255. 255. 255. 255. 198. 0. 0. 198. 255. 255. 255. 255.
    255. 255. 255. 255. 255. 255. 255. 255. 255. 255. 255. 215. 115. 0.
    0. 197. 255. 255. 234. 191. 191. 191. 191. 191. 191. 191. 191. 191.
    191. 191. 191. 120. 0. 0. 0. 197. 255. 255. 172. 0. 0. 0. 0. 0. 0.
    0. 0. 0. 0. 0. 0. 0. 0. 0. 0. 197. 255. 255. 172. 0. 0. 0. 0. 0. 0.
    0. 0. 0. 0. 0. 0. 0. 0. 0. 0. 197. 255. 255. 172. 0. 0. 0. 0. 0. 0.
    0. 0. 0. 0. 0. 0. 0. 0. 0. 0. 198. 255. 255. 172. 0. 0. 0. 0. 0. 0.
    0. 0. 0. 0. 0. 0. 0. 0. 0. 0. 198. 255. 255. 172. 0. 0. 0. 77. 106.
    106. 106. 106. 106. 19. 0. 0. 0. 0. 0. 0. 197. 255. 255. 193. 64.
    64. 64. 202. 255. 255. 255. 255. 255. 97. 64. 30. 0. 0. 0. 0. 197.
    255. 255. 255. 255. 255. 255. 255. 255. 255. 255. 255. 255. 255.
    255. 132. 13. 0. 0. 0. 197. 255. 255. 255. 255. 255. 255. 255. 255.
    255. 255. 255. 255. 255. 255. 244. 146. 0. 0. 191. 241. 255. 255.
    255. 255. 250. 88. 64. 64. 64. 116. 255. 255. 255. 255. 255. 231.
    148. 0. 255. 255. 255. 255. 255. 229. 104. 13. 0. 0. 0. 29. 125.
    251. 255. 255. 255. 255. 198. 0. 255. 255. 255. 255. 220. 123. 0. 0.
    0. 0. 0. 0. 19. 145. 236. 255. 255. 255. 198. 0. 191. 241. 255. 255.
    172. 0. 0. 0. 0. 0. 0. 0. 0. 0. 210. 255. 255. 255. 212. 64. 0. 181.
    234. 234. 158. 0. 0. 0. 0. 0. 0. 0. 0. 0. 210. 255. 255. 255. 255.
    255. 0. 16. 21. 21. 14. 0. 0. 0. 0. 0. 0. 0. 0. 0. 210. 255. 255.
    255. 255. 255. 0. 0. 0. 0. 0. 0. 0. 0. 0. 0. 0. 0. 0. 0. 210. 255.
    255. 255. 255. 255. 0. 0. 0. 0. 0. 0. 0. 0. 0. 0. 0. 0. 0. 0. 210.
    255. 255. 255. 255. 255. 106. 106. 106. 106. 72. 0. 0. 0. 0. 0. 0.
    0. 0. 0. 210. 255. 255. 255. 255. 255. 255. 255. 255. 255. 193. 53.
    0. 0. 0. 0. 0. 0. 0. 0. 210. 255. 255. 255. 241. 191. 255. 255. 255.
    255. 255. 210. 0. 0. 0. 0. 0. 0. 3. 21. 214. 255. 255. 255. 197. 0.
    255. 255. 255. 255. 255. 210. 0. 0. 0. 0. 0. 0. 29. 228. 251. 255.
    255. 255. 197. 0. 64. 212. 255. 255. 255. 244. 186. 24. 0. 0. 0. 53.
    199. 253. 255. 255. 255. 183. 49. 0. 0. 198. 255. 255. 255. 255.
    252. 162. 149. 149. 149. 178. 255. 255. 255. 255. 177. 66. 0. 0. 0.
    115. 149. 199. 255. 255. 255. 255. 255. 255. 255. 255. 255. 255.
    255. 183. 71. 0. 0. 0. 0. 0. 0. 91. 212. 255. 255. 255. 255. 255.
    255. 255. 255. 255. 202. 62. 0. 0. 0. 0. 0. 0. 0. 0. 83. 255. 255.
    255. 255. 255. 255. 255. 255. 255. 44. 0. 0. 0. 0. 0. 0. 0. 0. 0. 0.
    0. 0. 0. 0. 0. 121. 255. 255. 255. 255. 255. 210. 0. 0. 0. 0. 0. 0.
    0. 0. 0. 0. 0. 0. 100. 222. 255. 255. 255. 255. 255. 210. 0. 0. 0.
    0. 0. 0. 0. 0. 0. 0. 0. 86. 204. 255. 255. 255. 255. 255. 255. 210.
    0. 0. 0. 0. 0. 0. 0. 0. 0. 0. 0. 147. 255. 255. 255. 255. 255. 255.
    255. 210. 0. 0. 0. 0. 0. 0. 0. 0. 0. 0. 40. 174. 255. 255. 228. 215.
    255. 255. 255. 210. 0. 0. 0. 0. 0. 0. 0. 0. 0. 14. 167. 255. 255.
    245. 134. 95. 255. 255. 255. 210. 0. 0. 0. 0. 0. 0. 0. 0. 0. 158.
    247. 255. 255. 144. 12. 95. 255. 255. 255. 210. 0. 0. 0. 0. 0. 0. 0.
    0. 0. 172. 255. 255. 155. 33. 0. 95. 255. 255. 255. 210. 0. 0. 0. 0.
    0. 0. 0. 0. 108. 220. 255. 255. 121. 0. 0. 96. 255. 255. 255. 210.
    0. 0. 0. 0. 0. 0. 0. 82. 214. 255. 255. 194. 71. 0. 0. 96. 255. 255.
    255. 210. 0. 0. 0. 0. 0. 0. 0. 197. 255. 255. 255. 108. 0. 0. 0. 95.
    255. 255. 255. 210. 0. 0. 0. 0. 0. 0. 18. 202. 255. 255. 241. 99. 0.
    0. 0. 95. 255. 255. 255. 210. 0. 0. 0. 0. 0. 0. 193. 250. 255. 255.
    109. 9. 0. 0. 0. 95. 255. 255. 255. 210. 0. 0. 0. 0. 0. 167. 244.
    255. 255. 126. 24. 0. 0. 0. 0. 95. 255. 255. 255. 210. 0. 0. 0. 0.
    138. 242. 255. 255. 255. 83. 0. 0. 0. 0. 0. 96. 255. 255. 255. 210.
    0. 0. 0. 0. 236. 255. 255. 255. 178. 48. 0. 0. 0. 0. 0. 96. 255.
    255. 255. 210. 0. 0. 0. 64. 241. 255. 255. 206. 53. 0. 0. 0. 0. 0.
    0. 95. 255. 255. 255. 210. 0. 0. 0. 255. 255. 255. 255. 57. 0. 0. 0.
    0. 0. 0. 0. 95. 255. 255. 255. 210. 0. 0. 0. 255. 255. 255. 255. 57.
    0. 0. 0. 0. 0. 0. 0. 95. 255. 255. 255. 210. 0. 0. 0. 255. 255. 255.
    255. 206. 191. 191. 191. 191. 191. 191. 191. 215. 255. 255. 255.
    244. 191. 191. 191. 255. 255. 255. 255. 255. 255. 255. 255. 255.
    255. 255. 255. 255. 255. 255. 255. 255. 255. 255. 255. 255. 255.
    255. 255. 255. 255. 255. 255. 255. 255. 255. 255. 255. 255. 255.
    255. 255. 255. 255. 255. 255. 255. 255. 255. 255. 255. 255. 255.
    255. 255. 225. 218. 255. 255. 255. 255. 255. 255. 250. 191. 234.
    234. 234. 234. 234. 234. 234. 234. 234. 234. 123. 99. 241. 255. 255.
    255. 251. 234. 216. 0. 21. 21. 21. 21. 21. 21. 21. 21. 21. 21. 11.
    9. 109. 255. 255. 255. 214. 21. 20. 0. 0. 0. 0. 0. 0. 0. 0. 0. 0. 0.
    0. 0. 95. 255. 255. 255. 210. 0. 0. 0. 0. 0. 0. 0. 0. 0. 0. 0. 0. 0.
    0. 0. 96. 255. 255. 255. 210. 0. 0. 0. 0. 0. 0. 0. 0. 0. 0. 0. 0. 0.
    0. 0. 96. 255. 255. 255. 210. 0. 0. 0. 0. 0. 0. 0. 0. 0. 0. 0. 0. 0.
    0. 0. 95. 255. 255. 255. 210. 0. 0. 0. 0. 0. 0. 0. 0. 0. 0. 0. 0. 0.
    0. 0. 95. 255. 255. 255. 210. 0. 0. 0. 0. 0. 0. 0. 0. 0. 0. 0. 44.
    185. 255. 255. 255. 255. 255. 255. 255. 255. 255. 255. 0. 0. 0. 0.
    0. 0. 14. 120. 202. 237. 255. 255. 255. 255. 255. 255. 255. 255.
